// solution (optimal) with objective 597
// Quality Incumbent solution:
// MILP objective                                 5.9700000000e+02
// MILP solution norm |x| (Total, Max)            5.97000e+02  1.00000e+00
// MILP solution error (Ax=b) (Total, Max)        0.00000e+00  0.00000e+00
// MILP x bound error (Total, Max)                0.00000e+00  0.00000e+00
// MILP x integrality error (Total, Max)          0.00000e+00  0.00000e+00
// MILP slack bound error (Total, Max)            0.00000e+00  0.00000e+00
// 

y = [1
         1 1 1 1 0 1 1 1 0 0 1 1 1 0 0 1 1 1 1 1 1 0 1 1 1 1 0 0 1 1 1 1 1
         1 1 1 1 0 1 0 1 1 1 0 1 1 1 1 1 0 1 1 1 1 0 0 0 1 1 1 1 1 0 0 0 1
         1 1 1 0 1 1 1 1 0 1 1 1 1 0 1 1 1 0 0 1 1 1 1 0 1 0 1 0 1 0 1 1 0
         1 1 0 1 1 1 1 1 0 0 1 1 0 1 0 1 0 1 1 0 1 0 1 1 1 0 1 1 1 1 1 0 1
         1 0 1 1 0 1 1 0 1 1 0 1 1 1 1 1 0 0 1 0 1 1 1 1 1 0 1 1 1 0 1 1 0
         0 0 0 0 1 1 1 1 0 1 1 1 1 0 1 1 0 1 1 1 1 1 1 1 1 1 0 1 1 1 1 1 1
         1 0 0 1 1 0 0 1 0 0 1 1 0 1 1 1 1 1 1 1 0 1 0 1 1 1 1 1 1 1 1 1 1
         1 0 0 1 1 1 1 0 0 1 1 1 0 1 1 1 0 1 1 0 1 1 0 1 0 0 1 0 1 0 1 1 1
         1 0 0 1 0 1 1 1 0 1 1 1 1 1 0 0 1 0 1 1 0 0 1 0 1 0 1 1 1 0 1 1 1
         1 0 1 1 0 1 0 1 1 0 1 1 1 0 0 1 1 1 1 0 1 1 0 1 1 1 1 1 1 0 1 1 1
         1 1 0 1 0 1 1 1 1 1 0 1 1 0 1 0 1 0 0 1 1 1 1 1 1 1 1 1 1 1 0 0 1
         1 0 1 1 0 1 1 0 1 1 0 1 1 1 1 0 1 1 1 1 0 0 0 0 1 1 1 1 1 0 1 1 0
         0 1 0 1 0 1 1 0 1 1 0 0 0 1 1 0 1 1 1 0 1 1 1 1 0 1 0 1 1 0 1 1 0
         1 1 0 0 1 1 0 1 0 1 1 1 1 0 1 0 1 0 1 1 1 1 1 0 1 0 0 1 0 1 0 1 0
         0 0 0 1 1 1 1 1 0 1 1 1 1 1 1 1 0 1 0 1 0 1 0 0 1 1 1 1 1 1 1 1 0
         1 1 0 1 0 1 0 1 0 0 0 1 1 1 0 0 1 1 0 1 1 0 1 1 1 0 1 1 1 1 1 0 1
         1 0 1 0 1 1 1 1 0 1 1 1 1 0 1 1 0 1 1 1 0 1 0 1 1 1 0 0 1 0 1 1 0
         1 1 0 1 1 0 0 1 0 1 1 1 1 0 1 1 1 1 0 1 0 0 1 1 1 1 0 1 0 1 0 0 1
         0 0 1 1 1 0 0 1 1 1 0 0 1 0 1 0 0 0 1 1 0 1 1 0 0 1 1 1 1 1 0 1 1
         1 1 1 1 1 1 1 1 1 1 1 1 1 1 1 1 0 1 1 1 0 1 0 0 1 1 0 0 1 1 1 1 0
         1 1 1 0 1 1 1 1 1 1 1 1 1 0 0 1 1 1 1 1 1 1 0 0 1 1 0 0 1 1 1 0 0
         1 1 1 0 0 1 1 0 0 1 1 1 1 1 1 1 1 0 1 1 0 1 1 1 1 0 0 1 0 1 1 1 1
         1 1 0 1 0 0 1 1 1 1 1 0 0 1 0 0 0 1 0 0 1 1 1 1 0 1 1 1 0 0 1 1 1
         1 1 1 1 1 1 0 0 1 1 0 1 0 0 1 0 1 1 1 0 1 1 1 0 0 1 0 1 1 1 0 1 0
         1 1 1 0 1 0 1 1 1 1 1 1 1 0 1 0 0 1 1 1 1 1 0 1 1 0 1 0 1 1 0 1 0
         1 1 1 1 1 1 1 1 1 0 0 1 1 1 1 1 1 1 1 0 1 1 1 1 0 1 1 1 0 1 1 1 1
         0 1 1 1 0 1 1 1];

