// solution (optimal) with objective 584
// Quality Incumbent solution:
// MILP objective                                 5.8400000000e+02
// MILP solution norm |x| (Total, Max)            6.24000e+02  1.00000e+00
// MILP solution error (Ax=b) (Total, Max)        2.66454e-15  1.11022e-16
// MILP x bound error (Total, Max)                0.00000e+00  0.00000e+00
// MILP x integrality error (Total, Max)          1.11022e-16  1.11022e-16
// MILP slack bound error (Total, Max)            7.77156e-16  1.11022e-16
// 

covered = [0
         1 1 0 1 1 1 1 1 1 1 1 1 1 1 1 1 1 0 1 1 0 1 0 0 1 1 1 1 1 1 1 1 1
         1 1 1 1 1 0 1 0 0 0 1 0 1 1 0 0 1 1 1 0 1 1 1 1 1 1 1 1 1 0 1 1 0
         0 1 1 1 0 0 1 0 1 0 1 0 1 1 1 1 1 1 1 0 1 1 0 1 1 1 1 1 1 1 0 1 1
         1 1 1 1 0 1 1 0 1 1 1 0 1 0 1 0 1 0 1 1 0 0 0 1 0 1 1 1 0 1 0 0 0
         0 0 1 1 1 1 1 1 1 0 1 0 0 1 0 1 1 1 1 1 0 1 0 0 1 1 1 0 0 1 0 1 1
         1 1 1 1 0 1 1 1 1 0 1 0 1 1 1 1 1 0 1 1 1 0 0 0 0 1 1 1 0 0 0 0 1
         0 1 0 1 0 1 1 0 1 1 1 1 1 1 0 1 1 0 0 0 1 0 1 0 0 1 1 0 0 1 1 1 1
         1 1 1 0 1 1 1 0 1 0 1 1 1 0 0 0 1 0 1 1 0 1 1 1 1 1 1 1 1 1 0 1 1
         0 1 1 0 1 0 1 1 1 0 1 0 0 0 1 1 0 1 1 0 1 1 0 1 1 1 1 1 1 1 1 0 1
         1 0 0 1 1 1 1 1 0 1 0 1 1 1 1 1 0 1 0 1 0 0 1 1 1 1 1 1 1 1 0 1 1
         1 0 1 0 1 0 1 1 1 0 1 0 0 1 0 1 0 1 1 0 0 0 0 1 1 0 0 0 1 0 1 1 1
         0 1 1 0 1 1 1 1 0 0 1 1 1 0 0 1 1 1 1 1 1 1 1 1 0 1 1 1 0 1 1 0 1
         1 0 1 1 1 0 1 1 0 1 1 1 1 1 0 1 1 0 0 1 0 0 1 1 1 1 1 1 1 1 0 0 1
         1 1 1 1 1 1 1 1 0 1 1 0 0 1 0 1 0 1 1 1 1 0 1 1 0 1 1 1 1 1 1 1 1
         1 1 1 0 0 1 0 0 1 0 0 0 1 0 1 1 1 0 1 1 1 1 1 1 0 1 0 0 1 1 1 0 0
         0 0 1 1 1 0 1 1 1 1 1 0 0 0 1 1 1 1 1 0 1 1 0 1 0 1 0 1 1 0 1 1 1
         0 1 1 1 1 1 1 1 1 0 0 0 0 1 1 1 0 1 1 0 1 0 1 0 1 0 1 1 1 1 0 0 1
         1 1 1 1 1 1 1 1 1 1 0 1 0 1 1 0 1 1 1 0 1 1 0 1 0 1 1 0 1 0 1 1 1
         1 1 1 1 1 1 1 1 1 0 1 1 1 1 0 1 0 1 1 1 1 0 1 1 1 1 1 0 0 0 0 0 0
         1 1 0 0 1 1 1 1 0 0 0 0 1 0 0 0 1 0 1 1 1 1 1 1 0 0 1 1 1 0 1 1 1
         1 0 0 1 1 1 0 0 1 1 0 1 1 0 1 1 1 1 0 0 0 1 1 1 0 0 1 1 0 1 1 1 1
         0 0 1 1 1 1 0 1 1 1 1 1 0 1 1 1 1 1 0 0 1 0 1 1 1 1 1 0 1 1 1 1 0
         0 0 1 0 1 1 1 0 1 1 0 0 1 0 1 1 1 0 1 1 1 0 1 1 1 0 0 1 1 1 0 0 1
         1 1 0 1 1 0 0 1 0 1 1 1 0 1 0 1 0 0 1 1 0 0 0 1 1 1 1 1 1 0 1 1 1
         1 1 0 1 1 1 1 0 1 1 0 1 1 1 1 1 1 1 1 1 1 1 1 1 0 0 1 1 0 0 1 1 1
         0 0 1 1 0 0 0 0 1 1 1 1 0 1 1 1 1 1 1 1 0 0 0 1 1 1 1 1 1 0 1 0 0
         0 1 1 1 1 1 0 1];
y = [0 1 1 0 1 0 1 1 1 0 1 1 1 0 0 0 1 0 0 0 1 0 0 0 0 0 0 0 0 1 0 1 1 1 0 1
         0 0 1 0 0 0 0 0 0 0 1 0 0 0 0 0 1 0 0 1 0 0 0 0 0 1 0 0 0 0 0 0 0
         0 1 0 0 0 0 0 0 1 0 0 0 0 0 0 0 0 0 0 0 0 0 0 0 0 0 0 0 0 0 0 1 1
         0 0 0 0 0 0 0 0 0 0 0 0 0 0 1 0 1 1 0 0 0 0 0 0 1 1 0 0 0 0 0 0 0
         1 0 1 0 0 0 0 0 0 0 0 0 0 0 0 0 0 0 0 0 0 0 0 0 0 0 0 0 0 1 0 0 0
         0 0 0 0 0 0 0 0 0 0 0 0 0 1 0 0 0 0 0 0 0 0 0 0 1 0 0 0 0 0 0 0 0
         0 0 0 0 0 0 0 0 0 0 0 0 0 0 0 0 0 0 0 0 0 0 0 0 0 0 0 0 0 0 0 0 0
         0 0 0 0 0 0 0 0 0 0 0 0 0 0 0 0 0 0 0 0 0 0 0 0 0 0 0 0 0 0 0 0 1
         0 0 0 0 0 0 0 0 0 0 0 0 0 0 0 0 0 0 0 0 0 0 0 0 0 0 1 0 0 0 0 0 0
         0 0 0 0 0 0 0 0 0 0 0 0 0 0 0 0 0 0 0 0 0 0 0 0 0 0 0 0 0 1 0 0 0
         0 0 0 0 0 0 0 0 0 0 0 0 0 0 0 0 0 0 0 0 0 0 0 0 0 0 0 0 0 0 0 0 0
         0 0 0 0 0 0 0 0 0 0 0 0 0 0 0 0 0 0 0 0 0 0 0 0 0 0 0 0 0 0 0 0 0
         0 0 0 0 0 0 0 0 0 0 0 0 0 0 0 0 0 0 0 0 0 0 0 0 0 0 0 0 0 0 0 0 0
         0 0 0 0 0 0 0 0 0 0 0 0 0 0 0 0 0 0 0 0 0 0 0 0 0 0 0 0 0 0 0 0 0
         0 0 0 0 0 0 0 0 0 0 0 0 0 0 0 0 0 0 0 0 0 0 0 0 0 0 0 0 0 0 0 0 0
         0 0 0 0 0 0 0 0 0 0 0 0 0 0 0 0 0 0 0 0 0 0 0 0 0 0 0 0 0 0 0 0 0
         0 0 0 0 0 0 0 0 0 0 0 0 0 0 0 0 0 0 0 0 0 0 0 0 0 0 0 0 0 0 0 0 0
         0 0 0 0 0 0 0 0 0 0 0 0 0 0 0 0 0 0 0 0 0 0 0 0 0 0 0 0 0 0 0 0 0
         1 0 0 0 0 0 0 0 0 0 0 0 0 0 0 0 0 0 0 0 0 0 0 0 0 0 0 0 0 0 0 0 0
         0 0 0 0 0 0 0 0 0 0 0 0 0 0 0 0 0 0 0 0 0 0 0 0 0 0 0 0 0 0 0 0 0
         0 0 0 0 0 0 0 0 0 0 0 0 0 0 0 0 0 0 0 0 0 0 0 0 0 0 0 0 0 0 0 0 0
         0 0 0 0 0 0 0 0 0 0 0 0 0 0 0 0 0 0 0 0 0 0 0 0 0 0 0 0 0 0 0 0 0
         0 0 0 0 0 0 0 0 0 0 0 0 0 0 0 0 1 0 0 0 0 0 0 0 0 0 0 0 0 0 0 0 0
         0 0 0 0 0 0 0 0 0 0 0 0 0 0 0 0 0 0 0 0 0 0 0 0 0 0 0 0 0 0 0 0 0
         0 0 0 0 0 0 0 0 0 0 0 0 0 0 0 0 0 0 0 0 0 0 0 0 0 0 0 0 0 0 0 0 0
         0 0 0 0 0 0 0 0 0 0 0 0 0 0 0 0 0 0 0 0 0 0 0 0 0 0 0 0 0 0 0 0 0
         0 0 0 0 0 0];

